24
26
22
17
18
26
15
26
21
23
24
21
13
13
23
23
17
21
25
24
22
25
25
21
26
22
23
24
18
17
21
21
23
21
20
19
26
21
19
27
24
26
26
22
24
24
22
26
22
24
25
25
22
25
24
23
26
13
23
20
29
27
26
20
27
22
16
17
18
27
16
25
19
23
20
27
16
27
21
26
14
28
24
18
27
18
17
23
19
28
23
19
23
21
27
21
24
18
24
18
29
29
25
15
18
25
23
14
21
24
21
25
21
18
29
26
12
19
27
31
27
24
19
25
26
22
22
25
25
26
23
21
28
27
25
18
23
24
29
23
24
21
24
22
16
22
22
23
24
24
21
23
23
24
19
23
25
27
27
20
29
29
25
9
14
20
24
29
15
25
19
20
26
19
23
26
24
23
14
26
27
19
24
24
19
25
31
30
28
29
28
30
24
20
18
22
26
15
23
25
28
24
24
17
23
20
16
18
20
19
24
22
13
27
27
17
23
26
29
24
24
26
23
24
27
27
22
21
25
23
19
19
27
18
22
20
23
26
28
29
24
27
25
26
24
23
12
26
26
30
30
21
22
22
29
28
16
21
29
20
22
26
24
22
12
24
24
24
26
19
24
30
20
17
20
17
20
27
19
28
21
21
22
24
26
25
22
23
25
23
22
25
13
17
24
25
28
24
21
26
29
28
26
23
26
27
31
27
27
22
24
22
14
25
24
24
27
21
25
26
30
23
29
21
28
23
16
27
23
20
21
25
26
18
24
20
23
25
14
26
20
28
23
26
17